puppyGrayscale.asc
ncols	899
nrows	726
xllcorner     271845
yllcorner     3875415
cellsize      30
NODATA_value  -9999
[rows 336 to 377 of 726, columns 768 to 863 of 899]
134 149 151 147 133 123 122 125 126 129 124 123 127 130 127 124 122 123 123 122 123 121 122 122 122 121 121 121 120 121 120 121 120 122 121 121 120 120 120 120 119 119 119 118 118 118 118 118 117 119 118 117 117 117 117 117 116 115 115 116 116 116 116 117 117 117 116 116 117 116 116 116 115 113 113 113 113 113 113 113 113 113 115 116 114 114 113 113 112 112 112 113 114 114 113 112
133 146 149 146 132 123 122 126 127 130 124 123 126 128 126 123 124 123 122 121 122 121 121 121 122 121 120 120 120 120 120 120 120 122 121 120 120 120 120 120 119 119 119 118 118 117 118 119 117 119 118 117 117 117 117 117 117 115 116 116 116 116 117 117 117 117 116 116 117 116 116 116 116 114 114 114 114 114 114 114 114 114 115 115 114 114 113 112 113 113 114 115 115 115 115 114
134 143 146 143 132 124 122 125 129 133 127 123 124 126 124 123 125 122 122 122 122 122 122 121 122 121 120 120 120 120 120 120 120 122 121 120 120 120 120 120 119 119 119 118 118 117 118 118 117 119 118 117 117 117 117 117 116 116 116 116 116 117 117 117 117 117 117 117 117 116 116 116 115 114 114 114 114 114 114 114 114 114 115 115 113 113 114 113 113 114 114 115 116 116 116 115
133 142 144 143 134 124 122 126 131 134 128 124 123 125 122 124 125 123 123 122 122 122 122 121 123 122 121 121 121 121 121 121 120 122 121 120 120 120 120 120 119 120 119 119 118 119 119 119 118 119 118 117 117 117 117 117 116 116 116 116 116 117 117 117 117 117 117 117 117 116 116 116 116 115 115 115 115 115 115 115 115 114 115 114 113 113 114 114 114 115 114 114 115 115 115 115
134 143 143 142 135 125 122 125 130 133 128 123 124 123 122 123 125 123 123 123 122 122 123 122 123 122 121 121 121 121 121 121 121 122 121 120 120 120 120 120 119 120 119 119 118 119 119 118 118 119 118 117 117 117 117 117 116 116 116 116 117 117 117 118 118 117 117 117 117 116 116 116 115 115 115 115 115 115 115 115 115 113 114 114 115 115 115 115 115 114 114 114 114 114 114 114
133 143 140 137 133 126 122 123 128 130 125 122 124 123 121 121 125 124 123 123 123 122 122 122 123 122 121 121 121 121 121 121 121 122 121 120 120 120 120 120 119 120 120 119 119 119 119 119 118 119 118 117 117 117 117 117 116 116 117 117 117 117 118 118 118 117 117 117 117 116 116 116 115 115 115 115 115 115 115 115 115 113 114 114 115 115 115 116 116 115 114 113 113 113 113 114
135 139 134 132 130 126 121 121 126 126 124 123 125 124 121 121 123 123 123 123 123 123 123 122 123 122 121 121 121 121 121 121 122 123 121 120 120 120 120 120 119 119 120 119 119 119 119 119 119 119 118 117 117 117 117 117 116 117 117 117 117 118 118 118 118 117 117 117 117 116 116 116 115 115 115 115 115 115 115 115 115 113 114 114 115 116 116 116 116 116 115 114 114 114 114 115
136 135 131 127 127 124 121 121 125 123 123 124 126 125 122 120 122 124 124 123 123 123 123 122 122 122 122 122 122 122 122 122 122 123 121 120 121 120 121 120 120 120 121 119 120 120 121 119 120 119 119 117 118 117 118 117 116 117 117 116 117 118 118 118 118 117 117 117 117 116 116 115 115 115 115 115 115 115 115 115 115 113 114 114 115 116 116 116 117 117 117 116 115 115 116 117
143 139 132 124 125 126 126 124 124 126 125 125 123 124 123 123 124 124 123 123 123 123 123 123 123 124 124 123 123 123 123 122 122 121 121 121 120 122 121 122 122 121 120 122 121 122 120 120 118 120 118 119 118 119 117 118 116 117 116 117 116 117 116 117 117 118 117 117 116 116 116 116 116 117 117 117 116 117 116 116 116 113 113 113 113 113 113 113 113 114 116 115 114 114 115 114
141 136 127 122 123 125 126 125 125 124 125 125 124 124 124 124 124 124 123 123 123 123 123 123 123 124 124 123 123 123 123 122 122 120 120 120 120 120 121 121 121 120 120 121 121 121 120 119 118 119 118 117 118 118 118 117 117 117 117 117 117 117 117 117 118 118 117 117 116 116 116 116 116 117 118 117 117 117 117 117 117 114 114 114 114 114 114 114 113 115 116 115 114 114 115 114
137 130 123 119 121 124 124 124 125 124 124 124 123 123 123 123 123 123 123 123 123 123 123 123 123 124 124 123 123 123 123 122 122 120 120 120 120 120 120 120 120 120 120 121 121 121 120 119 118 119 119 118 118 118 118 118 117 117 117 117 117 117 117 117 117 117 117 117 117 117 116 116 116 117 118 117 117 117 117 117 116 114 114 114 114 114 114 114 114 115 115 114 114 114 114 113
132 129 123 119 121 125 124 124 125 124 124 124 123 123 123 123 123 123 123 123 123 123 123 123 123 124 124 123 123 123 123 122 122 120 120 120 119 120 119 119 119 120 120 121 121 121 120 119 118 119 119 118 118 118 118 118 118 118 118 118 118 118 118 118 118 117 117 117 117 117 117 116 116 117 118 117 117 117 117 117 117 115 115 115 115 115 115 115 115 115 115 114 114 114 114 113
130 132 125 122 123 126 124 122 125 124 125 125 125 124 124 123 123 123 123 123 123 123 123 123 123 124 124 123 123 123 123 122 122 121 120 121 119 119 119 118 118 120 120 121 121 121 120 119 118 120 119 119 119 119 119 118 118 118 118 118 118 118 118 118 118 118 118 117 117 117 117 117 117 117 118 117 117 117 117 117 116 114 115 115 115 115 115 115 115 115 115 115 114 115 114 113
128 132 128 125 126 127 124 122 125 126 125 124 124 125 125 124 124 123 123 123 123 123 123 123 123 124 124 123 123 123 123 122 122 122 121 121 120 119 119 118 118 120 120 121 121 121 120 119 118 120 119 119 119 119 119 117 118 118 118 118 118 118 118 118 118 118 118 118 117 117 117 117 117 117 118 117 117 117 117 117 116 115 115 115 115 115 115 115 115 115 116 115 115 115 115 114
128 131 128 126 126 126 123 124 127 126 126 126 125 124 124 125 124 124 124 124 123 123 123 123 123 124 124 123 123 123 123 122 122 123 122 122 121 120 119 119 119 120 120 121 121 121 120 119 118 120 120 119 119 119 119 119 118 118 118 118 118 118 118 118 118 118 118 118 118 118 117 117 117 117 118 117 117 117 117 117 117 116 115 115 115 115 115 115 115 115 116 115 114 114 115 114
127 129 125 124 126 126 125 125 128 126 126 126 125 125 124 124 124 124 124 124 124 123 124 123 124 124 125 123 124 123 124 122 122 124 122 122 121 121 120 119 119 121 120 121 121 121 120 119 118 120 120 119 119 119 119 119 118 118 118 118 118 118 118 118 118 118 118 119 118 118 117 117 117 117 118 117 117 117 117 117 117 116 115 115 115 115 115 115 115 115 116 115 114 114 115 114
126 127 126 128 126 126 125 125 125 127 126 126 125 125 125 125 125 124 124 124 123 124 123 124 123 123 122 123 122 123 122 123 122 124 123 122 122 122 120 120 120 119 119 119 119 120 120 121 121 122 121 120 120 120 120 120 120 120 120 120 120 120 121 121 122 118 118 118 118 118 118 118 117 117 118 117 117 117 117 116 115 115 116 116 116 117 116 117 117 115 115 115 115 115 114 114
126 126 126 126 126 126 125 125 125 126 126 126 125 125 125 125 125 124 124 124 124 124 123 123 123 122 122 122 122 122 122 122 122 123 123 123 123 122 122 121 120 120 119 119 119 120 120 120 121 122 122 121 120 120 120 120 120 120 120 120 120 120 121 121 122 118 118 118 118 118 118 118 118 117 118 117 117 117 117 117 117 116 116 116 116 117 117 117 117 116 115 115 115 115 115 114
126 126 126 126 126 126 126 125 125 126 126 126 125 125 125 125 125 125 125 125 124 124 124 124 124 123 123 123 123 123 123 123 123 122 122 123 123 122 122 122 121 120 120 119 119 120 120 121 121 122 122 121 120 120 120 121 120 120 120 120 120 120 121 121 121 118 118 118 118 118 118 118 118 116 118 118 117 117 117 117 117 116 116 116 117 117 117 117 117 116 116 115 115 115 115 115
127 127 127 126 126 126 126 126 125 126 126 126 125 125 125 125 125 125 125 125 125 125 124 124 124 123 122 123 123 123 123 123 123 122 123 123 123 123 123 123 122 121 119 120 120 120 120 121 121 122 122 121 120 120 121 121 120 120 120 120 120 120 121 121 121 118 118 118 118 118 118 118 118 117 118 118 119 118 117 116 117 117 117 117 117 117 117 117 116 116 116 116 116 115 115 115
127 127 127 127 126 126 126 126 126 126 126 125 125 125 125 125 125 125 125 125 125 125 124 124 124 123 123 123 123 123 123 123 123 122 122 123 123 123 123 123 122 121 122 120 120 120 121 121 121 122 122 121 120 120 121 121 120 120 120 120 120 120 121 121 121 119 119 119 119 119 119 119 119 117 118 118 118 118 118 117 117 118 118 118 117 117 117 116 117 116 116 116 116 116 115 115
127 127 127 127 127 127 126 126 126 126 126 125 125 125 125 125 125 125 125 125 124 124 124 124 124 123 123 123 123 123 123 123 123 122 123 123 123 124 124 124 123 122 121 121 120 120 121 121 121 122 122 121 120 120 120 121 120 120 120 120 120 120 121 121 121 119 119 119 119 119 119 119 119 118 119 118 118 118 118 118 117 119 119 118 118 117 117 116 116 117 116 116 116 115 116 115
127 127 127 127 127 127 127 126 126 126 127 126 126 126 126 125 125 124 124 124 124 124 123 123 123 124 124 124 124 124 124 124 124 121 123 123 123 124 124 125 124 122 122 121 121 120 120 121 121 122 122 121 120 120 120 120 120 120 120 120 120 120 121 121 122 120 119 119 119 119 119 119 119 118 119 119 118 118 118 118 117 118 119 118 118 118 117 116 116 118 117 116 116 116 116 116
127 128 128 127 126 127 127 126 126 126 126 126 125 126 124 124 125 124 124 124 123 123 123 123 123 125 125 125 125 125 125 125 125 121 122 123 123 124 125 125 124 123 122 121 121 120 120 121 121 122 121 120 120 120 120 120 120 120 120 120 120 120 121 121 120 119 119 119 119 119 119 119 119 118 119 119 119 118 118 118 118 119 119 119 118 117 116 116 116 117 117 117 117 116 116 116
129 127 127 127 127 127 126 126 126 125 125 125 125 125 125 125 125 125 124 124 123 124 124 124 124 125 126 125 125 125 124 124 125 123 123 123 123 123 123 123 124 121 121 120 121 122 122 123 122 121 121 121 121 121 121 121 121 120 120 120 120 119 119 119 118 119 119 120 119 120 119 120 120 120 120 119 120 118 118 118 117 118 118 118 118 118 117 116 117 117 117 117 117 117 117 117
129 127 127 127 126 126 126 126 126 125 125 125 125 125 125 125 125 125 124 124 124 124 124 124 124 125 125 125 125 125 124 123 125 123 123 123 123 123 123 123 124 122 121 121 121 121 121 121 121 121 121 121 121 121 121 121 122 120 120 120 120 120 119 119 119 121 121 121 121 121 121 121 121 120 120 120 119 119 118 118 118 119 118 118 118 118 118 117 118 116 116 116 116 116 116 116
129 126 126 126 126 126 125 125 125 125 125 125 125 125 125 125 125 124 124 124 124 124 124 124 124 125 125 125 124 124 124 124 124 123 123 123 123 123 123 123 124 123 122 122 121 121 121 120 120 121 121 121 121 121 121 121 121 121 121 120 120 120 120 119 119 121 122 122 122 122 122 122 122 121 121 121 120 120 119 118 119 119 119 118 118 118 118 118 118 116 115 116 116 116 116 116
128 126 126 126 125 125 125 125 125 125 125 125 125 125 125 125 125 125 125 125 125 125 125 125 124 125 125 124 124 124 124 124 124 123 123 123 123 123 123 123 124 124 123 122 121 121 120 119 119 121 121 121 121 121 121 121 121 121 121 121 121 120 120 120 119 121 123 122 122 122 122 122 122 122 122 121 121 120 120 119 119 119 119 119 119 118 118 118 118 117 117 117 117 117 117 117
127 126 126 126 125 125 125 125 125 125 125 125 125 125 125 125 125 125 125 125 125 125 125 125 125 124 124 124 124 124 124 123 123 123 123 123 123 123 123 123 124 125 124 123 122 122 121 120 120 122 122 122 122 122 122 122 121 122 122 121 121 121 121 120 120 121 122 122 122 122 122 122 122 122 122 121 121 121 120 120 119 119 119 119 119 119 117 118 118 117 117 117 117 117 117 117
127 126 126 126 126 126 125 125 125 125 125 125 125 125 125 125 125 125 125 125 125 125 125 125 125 124 124 124 124 124 123 123 123 123 123 123 123 123 123 123 123 126 124 123 123 123 122 121 122 122 122 122 122 122 122 122 122 122 122 122 122 121 121 121 121 121 122 122 122 122 122 122 121 122 122 121 121 120 120 120 118 119 119 119 119 119 119 118 118 118 118 118 118 118 118 118
126 127 127 127 126 126 126 126 126 125 125 125 125 125 125 125 125 125 125 125 125 125 125 125 125 124 124 124 123 123 123 123 123 123 123 123 123 123 123 123 124 125 124 124 124 124 124 124 124 122 122 122 122 122 122 122 122 123 122 121 122 122 122 121 122 121 122 122 122 122 122 122 122 122 122 121 121 119 120 119 118 119 120 119 119 119 119 119 118 118 118 118 118 118 118 118
126 127 127 127 127 127 126 126 126 125 125 125 125 125 125 125 125 125 125 125 125 125 125 125 125 124 124 124 123 123 123 123 123 123 123 123 123 123 123 123 124 125 124 124 124 124 125 125 125 122 122 122 122 122 122 122 122 123 123 122 122 122 122 122 122 121 122 122 122 122 122 122 122 121 121 121 120 120 119 119 119 120 121 120 119 119 119 119 119 117 117 117 117 117 117 117
130 127 127 127 127 127 127 127 127 127 127 127 126 126 126 126 126 125 125 125 125 125 124 124 124 124 124 124 124 124 123 123 123 125 125 124 125 124 124 123 123 122 124 124 124 124 123 124 123 123 123 123 123 123 123 122 122 124 124 122 122 122 122 122 122 121 121 120 121 121 121 121 122 122 122 121 121 121 120 119 120 119 118 117 117 117 117 116 116 117 117 116 116 116 116 116
130 127 127 127 127 127 127 127 127 127 127 127 126 126 126 126 126 126 125 125 125 125 125 124 124 124 124 124 124 124 123 123 123 125 124 124 124 124 124 124 124 123 123 124 124 124 124 124 124 124 123 123 123 123 123 123 122 124 123 121 122 122 122 122 123 122 121 121 121 121 121 120 123 122 122 121 121 121 120 119 120 119 118 117 117 117 117 116 116 117 117 116 116 116 116 116
129 127 127 127 127 127 127 127 127 127 127 127 127 127 126 126 126 126 126 125 125 125 125 125 124 124 124 124 124 124 123 123 123 124 124 124 124 124 124 124 125 124 126 126 125 125 124 124 124 124 124 124 123 123 123 123 123 125 124 123 123 123 123 123 123 122 121 121 121 121 121 121 123 122 122 121 121 121 120 119 120 119 118 117 117 117 117 116 116 117 117 116 116 116 116 116
129 127 127 127 127 127 127 127 127 127 127 128 127 127 127 126 126 126 126 126 126 125 125 125 125 124 124 124 124 124 123 123 123 124 124 124 124 124 123 124 125 125 127 126 126 125 124 124 124 123 123 123 123 123 123 123 124 125 125 124 123 123 123 123 123 122 121 121 121 121 121 121 123 122 122 121 121 121 120 119 120 119 118 117 117 117 117 116 116 117 117 116 116 116 116 116
130 128 128 128 128 128 128 128 128 128 128 127 127 126 126 127 127 126 126 126 126 126 125 125 125 124 124 124 124 124 123 123 123 123 123 123 124 124 125 125 126 125 127 126 126 125 124 124 124 123 123 123 123 123 123 123 124 125 124 124 123 123 123 123 124 122 121 121 121 121 121 121 123 122 122 121 121 121 120 119 120 119 118 117 117 117 117 116 116 117 117 116 116 116 116 116
129 128 128 128 128 128 128 128 128 128 128 128 127 127 127 127 127 127 126 126 126 126 126 125 126 124 124 124 124 124 123 123 123 122 123 123 124 124 125 125 126 124 126 126 125 125 124 124 124 123 123 123 123 124 123 124 124 125 124 124 123 123 123 123 124 122 121 121 121 121 121 121 122 122 122 121 121 121 120 119 120 119 118 117 117 117 117 116 116 117 117 116 116 116 116 116
129 128 128 128 128 128 128 128 128 128 128 128 128 128 127 127 127 127 127 126 126 126 126 126 126 124 124 124 124 124 123 123 122 122 122 123 124 125 125 126 126 123 124 125 124 124 124 124 124 122 123 123 123 124 124 125 124 124 124 123 122 122 122 122 123 121 120 120 120 120 120 120 120 122 122 121 121 121 120 119 120 119 118 117 117 117 117 116 116 117 117 116 116 116 116 116
129 128 128 128 128 128 128 128 128 128 128 129 128 129 127 127 127 127 127 127 126 126 126 126 126 124 124 124 124 124 123 123 124 122 122 123 124 124 124 126 126 122 124 124 124 124 123 124 124 122 122 123 123 124 124 124 124 124 123 122 122 122 122 122 122 120 119 119 119 119 119 119 119 121 123 121 121 121 120 119 119 118 118 117 117 117 117 116 116 117 117 116 116 116 116 116
128 128 128 127 127 127 127 128 129 129 129 128 129 127 128 128 127 126 126 126 125 125 125 125 125 123 123 122 123 123 123 123 124 124 123 123 124 125 124 125 126 123 123 123 123 123 123 123 124 121 121 122 122 123 123 125 124 123 122 121 121 121 121 122 122 120 122 122 121 120 120 120 120 119 119 119 119 119 119 119 119 117 117 116 117 116 117 114 115 117 117 117 116 116 117 117
128 128 128 127 127 127 127 128 129 129 129 128 129 127 128 128 127 126 126 126 125 125 125 125 125 123 123 123 123 123 123 123 124 124 123 124 124 124 125 126 125 123 123 123 123 123 123 123 124 121 122 122 122 123 123 124 124 123 122 121 121 121 121 122 123 121 122 122 122 121 120 120 121 120 120 120 120 120 120 120 120 118 118 117 116 116 117 117 115 117 117 117 116 116 117 117
