puppyGrayscale.asc
ncols	899
nrows	726
xllcorner     271845
yllcorner     3875415
cellsize      30
NODATA_value  -9999
[rows 210 to 251 of 726, columns 96 to 191 of 899]
116 117 118 118 118 119 118 118 118 117 117 117 117 118 119 118 119 120 120 121 123 123 123 124 123 119 120 121 121 120 121 123 125 133 140 152 162 171 175 177 179 193 210 232 247 248 250 251 252 254 255 254 255 255 255 255 255 255 255 255 255 255 255 255 255 255 255 255 255 255 255 255 255 255 254 253 253 252 252 253 253 252 251 250 250 250 250 249 250 252 252 250 250 249 245 242
115 117 118 118 117 118 118 118 118 118 116 117 117 119 120 119 119 120 122 121 123 124 123 123 122 121 123 123 121 120 123 129 135 146 151 161 173 188 199 211 215 225 239 249 251 252 252 254 253 255 255 254 255 255 255 255 255 255 255 255 255 255 255 255 255 255 255 255 255 255 255 255 255 253 253 253 252 253 253 252 252 251 250 250 249 248 249 251 251 252 252 248 248 248 248 247
117 118 118 118 119 118 118 120 120 118 119 116 119 121 122 121 120 122 121 123 123 122 123 123 123 124 126 127 126 127 131 139 145 160 160 161 170 186 204 223 234 246 251 253 252 251 253 252 248 255 255 255 255 255 255 255 255 255 255 255 255 255 255 255 254 254 255 255 255 255 254 254 254 252 254 253 253 253 252 251 251 252 251 250 248 249 249 250 252 250 250 248 248 248 249 249
118 118 119 118 118 118 120 120 120 120 118 117 119 122 124 122 121 121 122 122 122 123 124 123 123 123 127 131 133 138 142 147 151 153 152 156 166 186 209 232 246 252 252 253 252 253 253 253 250 255 255 255 255 255 255 255 255 255 255 255 255 255 255 255 254 254 255 255 255 255 254 254 254 253 253 252 252 251 251 251 252 251 251 249 248 250 249 249 250 248 248 250 249 249 247 243
118 119 118 118 118 120 120 120 120 120 118 117 119 123 124 123 120 119 120 121 122 123 123 123 123 121 125 131 137 143 149 153 155 148 152 163 180 203 226 243 250 253 252 250 253 255 254 254 254 255 255 255 255 255 255 255 255 255 255 255 255 255 255 255 255 255 255 255 255 255 255 255 254 253 253 251 252 251 251 251 252 250 250 250 249 250 249 249 249 248 248 247 247 244 238 231
118 119 119 119 118 118 119 120 120 121 118 117 119 123 125 123 120 119 120 121 122 124 124 124 123 122 124 128 134 142 150 157 160 168 175 191 212 232 245 251 253 252 250 253 255 253 250 251 253 254 255 255 255 255 255 255 255 255 255 255 255 255 255 255 255 255 255 255 255 254 254 254 254 252 251 250 251 251 251 251 250 250 250 250 250 251 250 248 247 250 249 246 240 235 230 223
118 120 120 120 119 119 118 118 118 124 121 119 121 125 128 127 123 124 124 128 129 131 130 128 127 125 130 132 134 141 148 161 171 197 224 247 251 252 253 253 253 255 255 255 255 255 255 255 255 255 255 255 255 255 254 254 255 255 255 255 255 255 255 255 255 253 254 253 252 254 252 253 253 251 250 247 247 246 247 247 248 247 247 248 249 252 251 251 247 242 239 234 224 216 216 221
118 120 120 120 119 119 119 119 119 126 124 121 122 125 126 123 120 120 124 126 127 127 127 131 132 130 132 131 135 151 173 194 210 231 245 252 252 250 253 253 253 255 255 255 255 255 254 254 255 255 255 255 255 255 254 254 255 255 255 255 255 255 255 255 255 253 253 253 253 252 252 251 251 251 251 247 246 246 247 248 249 250 252 251 251 252 250 247 243 233 230 223 216 211 218 230
120 119 119 119 120 120 120 121 121 125 123 123 123 125 125 123 119 119 121 122 119 116 119 131 141 141 149 154 162 184 211 232 247 251 252 252 253 253 253 253 252 255 255 255 255 255 254 254 255 255 255 255 255 255 255 255 255 255 255 255 255 255 255 255 255 253 252 252 252 250 252 250 251 251 251 249 248 247 248 249 249 251 252 252 252 249 245 239 234 226 224 223 219 219 226 237
119 119 120 120 121 122 122 122 123 121 121 122 124 125 126 125 123 121 124 124 119 112 118 132 146 163 180 196 209 225 243 251 252 251 250 251 253 254 255 253 250 253 255 255 255 255 254 254 255 255 255 255 255 255 255 255 255 255 255 255 255 255 255 255 255 253 252 252 251 250 252 251 252 251 252 250 250 249 249 250 250 250 250 251 248 242 237 230 224 225 228 232 234 235 237 241
119 119 120 121 121 122 122 123 123 121 122 123 124 124 124 125 123 127 135 142 140 133 136 149 162 193 215 235 245 250 252 253 251 253 255 253 253 255 255 253 252 255 254 254 255 255 255 255 255 255 255 255 255 255 255 255 255 255 255 255 255 255 255 255 255 253 253 252 252 251 253 252 252 251 252 250 251 250 250 250 251 249 250 248 244 239 232 226 224 228 235 242 247 246 245 245
120 120 121 121 121 122 122 122 121 125 126 126 123 121 120 122 123 132 146 162 170 169 170 179 188 222 237 247 250 253 254 250 250 252 255 255 255 253 255 255 255 255 254 254 255 255 255 255 255 255 255 255 255 255 255 255 255 255 255 255 255 255 255 255 253 253 255 253 253 252 254 252 252 251 251 250 252 251 251 251 250 250 251 247 244 239 232 230 230 236 239 243 246 247 247 247
122 121 122 122 121 120 121 121 121 126 127 126 123 119 119 121 126 134 148 168 181 188 198 211 221 242 250 251 250 254 252 250 253 250 252 255 255 255 255 255 255 255 255 255 255 255 254 254 255 255 255 255 255 255 255 255 255 255 255 255 255 255 255 255 255 253 252 254 253 253 253 250 251 249 250 250 252 251 251 251 250 250 250 246 239 236 233 234 236 245 245 246 246 246 248 250
123 122 122 121 121 119 120 120 119 123 124 124 120 118 119 124 130 132 144 160 177 190 207 227 242 251 253 252 252 253 253 252 253 253 252 253 255 255 255 253 253 255 255 255 255 255 254 254 255 255 255 255 255 255 255 255 255 255 255 255 255 255 255 255 254 250 252 252 253 252 251 250 249 249 250 251 252 251 251 250 250 248 246 241 235 233 233 236 240 251 252 251 250 250 250 251
123 115 113 112 113 117 118 115 113 118 119 119 118 119 123 127 133 132 136 146 159 184 213 237 247 253 254 255 255 255 255 255 255 255 255 255 255 255 255 255 255 255 255 255 255 255 255 255 254 253 253 253 253 253 253 253 253 253 253 253 253 253 253 253 254 250 250 252 252 250 249 250 250 248 251 253 252 249 247 247 247 241 234 228 225 229 238 246 252 252 249 246 249 251 251 242
130 121 117 116 118 120 120 115 111 112 116 119 120 123 126 134 138 149 159 174 192 213 232 245 250 254 255 255 255 255 255 255 255 255 255 255 255 255 255 255 255 255 255 255 255 255 255 255 254 253 253 253 254 254 253 253 253 253 253 253 253 253 253 253 254 251 251 253 252 250 250 251 251 248 249 249 245 241 238 238 238 233 231 230 233 239 245 249 252 247 247 248 249 249 244 236
135 130 128 127 128 130 126 120 114 115 119 125 130 134 138 145 150 170 187 210 228 242 251 254 253 255 255 255 255 255 255 255 255 255 255 255 255 255 255 255 253 253 253 253 253 253 253 253 254 253 253 253 253 253 253 253 253 253 253 253 253 253 253 253 254 253 252 253 253 250 251 251 251 246 246 243 238 234 231 231 229 231 233 237 241 249 252 251 250 245 249 250 247 240 232 226
136 141 139 140 142 144 143 135 129 133 138 144 148 152 158 164 170 194 211 233 245 251 254 253 253 253 255 255 255 255 255 255 255 255 255 255 255 255 255 255 254 253 253 253 253 253 253 253 253 253 253 253 253 253 253 253 253 253 253 253 253 253 253 253 254 253 252 252 252 248 248 248 248 245 244 239 237 234 234 233 233 241 242 246 249 252 252 249 247 247 247 244 237 229 223 221
131 141 143 145 149 155 156 156 153 162 164 169 172 174 181 187 193 216 230 244 250 250 252 253 252 254 255 255 255 255 255 255 255 255 255 255 255 255 255 255 254 253 253 253 254 254 253 253 253 253 253 253 254 254 253 253 253 253 253 253 253 253 253 253 254 253 252 251 249 246 245 246 247 244 242 239 239 241 242 243 243 253 250 250 251 251 249 248 247 243 236 228 222 225 228 230
124 133 135 139 144 153 159 165 168 177 178 179 179 184 190 202 209 228 238 248 251 251 250 253 253 255 255 255 255 255 255 255 255 255 255 255 255 255 255 255 254 253 253 253 254 254 253 253 252 253 253 253 254 254 253 253 253 253 253 253 253 253 253 254 254 252 252 249 248 244 243 243 245 244 244 244 244 247 251 252 252 252 253 250 249 245 244 244 243 234 224 213 217 229 238 240
119 123 126 130 133 139 147 157 164 169 168 168 166 172 185 199 210 223 236 247 251 253 253 255 254 255 255 254 255 255 255 255 255 255 255 255 255 255 254 254 254 252 253 253 253 253 253 253 253 254 253 253 253 253 253 253 254 254 253 253 253 253 253 254 254 252 251 249 247 244 245 244 246 247 247 250 249 251 252 254 253 249 251 250 248 242 235 234 234 229 221 215 221 236 244 239
117 122 122 124 122 124 130 141 151 151 149 148 148 156 171 190 205 212 226 241 249 253 253 253 253 255 255 254 255 255 255 255 255 255 255 255 255 255 254 254 254 252 253 253 253 253 253 253 253 254 253 253 253 253 253 253 254 254 253 253 253 253 253 254 254 251 251 250 247 244 246 247 248 250 251 252 252 251 251 250 249 247 251 251 248 239 230 224 222 232 226 224 230 241 243 228
121 121 126 126 122 122 127 130 129 131 130 127 129 142 164 180 188 221 234 246 249 252 253 252 248 255 255 255 255 255 255 255 255 255 255 255 255 255 255 255 254 252 252 253 253 254 254 254 254 252 252 252 252 253 254 253 254 254 253 252 252 252 253 251 251 246 248 247 246 244 246 250 252 249 249 250 249 251 252 252 252 250 247 241 235 231 230 234 237 239 236 235 238 236 228 218
122 123 127 127 125 124 126 125 123 113 114 126 142 154 163 180 202 230 240 248 251 252 253 253 250 255 255 255 255 255 255 255 255 255 255 255 255 255 255 254 254 252 253 253 253 253 254 254 254 253 252 252 253 253 253 253 254 254 253 252 252 252 252 251 249 250 249 247 246 247 246 249 250 251 250 249 249 249 249 250 249 245 241 238 237 238 237 236 235 238 238 239 237 228 214 205
124 124 127 129 128 128 127 123 117 114 118 139 162 169 169 190 220 239 246 251 250 254 253 255 252 253 253 253 253 253 254 254 253 253 253 253 253 253 253 253 253 253 253 253 253 253 253 253 254 254 253 253 254 254 253 254 254 254 253 252 252 252 252 251 249 250 248 248 247 247 249 251 250 251 251 249 249 248 246 245 245 241 237 238 241 245 244 236 231 228 232 235 229 216 204 203
124 126 126 126 127 128 127 124 120 128 133 146 161 164 172 197 225 247 250 252 252 254 255 255 253 253 253 253 253 253 254 254 253 253 253 253 253 253 253 253 253 253 253 253 253 253 253 253 253 254 254 253 254 254 254 254 254 253 253 252 252 251 251 249 248 248 247 247 248 250 252 252 250 247 248 249 248 245 243 242 241 238 239 241 244 245 239 230 223 219 224 226 219 207 202 214
122 127 125 123 124 126 127 126 126 132 139 141 144 157 184 213 234 249 251 252 254 255 255 253 253 253 253 253 253 253 254 254 254 253 253 252 252 252 253 253 253 251 252 251 252 252 253 253 253 254 254 254 254 253 253 253 253 251 252 253 252 252 250 249 249 248 248 248 249 251 252 248 248 244 244 246 246 243 241 237 237 232 237 240 241 238 230 223 220 223 222 220 211 202 206 224
121 128 125 123 123 124 125 126 129 125 134 137 142 167 206 237 244 250 251 252 254 253 255 253 253 253 253 253 253 253 254 254 253 252 251 251 252 252 251 251 251 251 251 251 251 251 252 252 253 254 254 253 253 253 252 251 251 250 252 253 253 252 250 249 248 251 250 251 249 249 248 243 243 244 243 243 242 240 236 234 231 228 230 232 229 226 222 220 221 225 218 211 208 209 217 234
121 128 126 126 127 125 121 121 123 121 129 144 167 200 229 245 248 252 253 254 253 253 254 253 253 253 253 253 253 253 252 252 254 252 251 252 252 252 252 252 252 252 252 252 252 252 252 252 252 253 252 252 253 251 252 250 250 250 251 253 253 252 250 249 248 251 250 248 246 245 245 244 245 249 245 241 237 233 232 229 228 228 224 220 217 215 216 218 219 214 205 200 209 224 237 244
122 129 127 130 131 126 119 115 119 134 140 166 206 237 247 250 252 252 254 254 253 253 254 253 254 253 253 253 253 253 252 252 254 251 250 252 252 252 252 252 252 252 252 252 252 252 252 252 251 252 252 252 251 251 251 251 251 249 251 253 253 252 250 248 248 248 246 245 241 241 244 248 252 252 247 241 233 229 227 227 227 232 222 211 207 208 213 216 215 205 194 193 209 234 249 248
129 136 136 137 135 128 122 126 135 169 189 217 237 247 250 251 253 254 255 253 253 253 253 254 254 253 253 253 253 253 253 253 253 249 253 252 253 251 250 251 252 252 253 253 252 252 253 252 251 248 252 253 252 249 247 249 251 250 249 251 253 250 244 244 247 239 240 235 235 244 252 251 247 242 236 229 228 230 233 229 225 210 200 197 210 225 225 216 205 196 208 221 233 245 251 247
127 130 128 126 125 127 139 164 183 213 224 237 244 247 250 250 251 254 255 253 253 253 254 254 254 253 254 254 253 254 253 253 253 249 252 252 252 252 251 252 253 252 252 252 252 252 253 253 252 248 249 250 250 251 250 252 251 250 252 250 245 242 242 244 247 242 240 239 241 245 248 245 238 236 235 235 234 233 224 213 204 205 204 208 216 223 221 212 205 214 228 241 246 246 246 244
124 126 119 115 123 140 167 199 219 234 235 236 236 239 242 245 249 254 255 253 253 253 254 254 254 253 253 254 254 254 253 254 254 249 252 253 253 252 253 253 253 249 250 251 251 253 253 252 252 250 248 248 249 252 252 252 252 252 252 247 238 234 240 245 247 242 241 242 246 247 241 233 229 231 234 232 227 215 204 199 195 208 213 218 217 215 217 215 216 235 244 251 251 245 241 240
119 115 113 118 141 171 198 215 220 217 209 204 206 219 233 244 248 254 255 253 253 253 254 254 254 253 253 252 252 252 252 252 252 249 252 254 253 252 252 252 253 248 249 250 249 249 250 249 249 250 249 250 251 251 251 252 252 251 247 240 236 238 243 245 242 240 240 243 249 247 234 225 221 229 228 220 204 190 188 200 211 218 222 219 211 209 215 226 233 243 244 245 242 241 238 235
118 112 121 140 169 197 211 209 200 184 177 174 185 209 233 244 248 254 254 253 253 253 254 254 254 252 253 251 252 252 251 251 252 251 251 252 252 252 250 250 250 247 248 247 247 247 246 245 244 249 252 253 251 247 246 249 252 245 237 234 240 249 247 240 236 243 239 240 243 236 224 217 216 221 214 206 196 193 203 220 233 233 229 218 209 209 218 232 240 237 236 235 236 236 231 226
127 136 150 169 186 194 192 182 170 155 159 169 189 214 234 246 250 254 254 254 253 253 254 254 253 253 252 250 250 250 251 251 252 251 252 252 252 249 246 245 246 247 247 247 248 246 245 244 243 249 251 251 249 244 242 244 248 239 233 233 241 246 243 237 234 244 241 235 228 218 213 210 215 210 205 202 207 221 233 238 238 237 230 221 215 215 222 231 234 229 232 237 238 229 221 219
141 164 173 178 177 169 163 157 151 150 168 193 216 230 239 246 252 254 254 253 253 253 254 254 253 253 253 250 250 250 250 251 252 252 252 252 249 246 242 241 240 246 247 247 249 249 248 248 246 248 245 243 242 242 242 241 240 235 235 236 235 233 234 234 238 240 236 225 209 200 201 212 219 215 213 215 227 239 244 239 233 229 226 221 220 222 225 230 233 229 235 240 236 220 210 215
153 173 174 168 156 148 148 150 149 164 193 228 246 248 245 247 254 254 254 253 253 254 254 253 253 253 251 250 250 250 250 251 252 252 253 251 248 244 240 238 238 246 247 249 249 250 250 250 250 249 242 236 236 240 243 239 235 235 239 238 228 221 223 234 242 233 229 214 196 188 200 217 227 228 227 228 234 238 237 233 227 221 217 215 219 224 226 232 239 234 238 239 228 212 202 214
172 175 157 150 156 152 144 153 173 211 223 234 236 242 252 254 250 250 251 251 252 253 253 253 253 252 253 251 251 252 253 251 251 251 251 248 243 239 238 244 248 245 245 244 241 241 243 246 250 239 238 237 242 249 249 238 229 234 237 228 216 220 239 244 237 229 214 194 186 199 221 239 246 236 222 217 229 239 235 225 221 209 215 224 231 236 237 231 221 231 240 239 220 201 202 220
166 160 152 149 157 161 163 179 199 221 232 241 241 245 251 253 253 251 252 251 252 252 252 251 251 252 250 248 248 250 252 253 251 249 245 242 241 242 243 240 239 233 236 241 245 247 246 243 242 237 238 240 245 248 245 236 229 229 234 232 227 231 237 231 216 204 204 204 209 223 237 241 240 230 231 234 239 232 221 215 215 217 225 230 229 228 230 231 232 241 238 224 207 204 216 232
153 146 145 151 164 176 187 201 214 223 234 244 247 247 249 252 253 252 253 252 252 253 252 250 249 250 247 245 246 249 253 253 251 245 240 237 240 246 245 238 231 226 230 236 245 248 247 242 236 237 240 245 247 244 239 234 230 223 230 236 237 238 233 216 199 200 210 223 235 243 244 236 227 219 233 241 233 220 215 221 229 229 229 222 214 212 220 233 240 239 226 208 198 209 231 239
141 138 143 156 172 185 193 197 204 211 224 238 246 246 246 248 252 251 252 251 251 252 250 248 246 245 244 245 248 251 252 249 246 240 239 239 241 244 240 234 228 233 233 232 236 241 244 242 239 244 246 250 246 237 232 232 233 222 228 234 237 234 226 215 207 225 232 238 243 239 231 221 214 225 233 232 218 212 219 231 235 229 217 202 194 204 220 231 237 217 215 209 208 221 237 239
