puppyGrayscale.asc
ncols	899
nrows	726
xllcorner     271845
yllcorner     3875415
cellsize      30
NODATA_value  -9999
[rows 210 to 251 of 726, columns 768 to 863 of 899]
255 255 255 255 255 255 255 255 255 255 255 255 255 255 255 255 255 252 251 250 246 239 221 190 158 137 125 118 120 118 116 115 109 105 104 101 99 97 97 98 98 98 97 97 97 97 97 97 98 96 95 94 93 93 94 94 95 94 93 93 93 93 93 93 93 92 92 92 92 91 91 91 92 91 91 91 91 91 91 91 91 91 90 90 90 90 89 89 89 88 88 87 87 87 87 87
255 255 255 255 255 255 255 255 255 255 255 255 255 255 255 255 255 253 252 252 250 246 238 212 181 151 137 132 135 134 130 122 113 111 109 106 102 99 97 97 98 99 98 97 96 96 97 98 99 97 96 94 93 93 94 95 96 94 93 94 93 93 93 94 93 92 92 93 93 91 91 92 92 91 91 91 91 91 91 91 91 92 90 90 90 90 90 89 89 88 89 87 87 87 87 86
255 255 255 255 255 255 255 255 255 255 255 255 255 255 255 255 253 253 252 255 252 251 247 229 205 170 153 141 140 138 134 126 117 112 111 108 105 102 100 99 98 98 98 96 95 94 96 97 98 96 95 93 92 92 93 94 96 94 93 93 94 93 94 94 94 92 93 93 93 91 92 92 92 90 91 91 91 90 90 90 90 91 91 90 89 90 90 90 90 88 88 87 87 87 87 87
255 255 255 255 255 255 255 255 255 255 255 255 255 255 255 255 255 253 252 253 253 251 251 243 227 198 174 152 142 131 127 126 121 111 110 110 107 107 104 102 99 98 97 96 95 95 96 97 98 96 95 94 93 93 93 95 96 94 93 93 93 93 94 94 93 92 93 93 92 91 92 92 91 90 91 91 90 90 90 90 90 91 91 91 90 90 91 90 90 88 88 88 88 88 87 87
255 255 255 255 255 255 255 255 255 255 255 255 255 255 255 255 254 254 253 253 253 251 252 250 243 227 198 170 146 129 123 122 119 108 108 108 109 110 108 104 101 98 97 96 96 96 96 97 98 96 96 96 96 95 95 95 94 94 93 93 93 93 93 93 93 92 92 92 92 91 91 91 91 91 91 91 91 91 91 91 91 91 92 91 90 90 90 90 90 89 89 89 88 88 88 88
255 255 255 254 255 254 255 254 255 254 255 255 255 255 255 255 254 253 250 253 253 252 252 251 248 244 216 186 158 133 123 121 116 105 106 107 108 112 112 106 101 96 97 96 96 96 96 97 97 94 95 95 96 95 95 94 93 93 93 93 93 93 93 93 93 92 92 92 92 91 91 91 92 92 92 92 92 92 92 92 92 91 91 91 90 90 90 90 90 88 89 89 89 89 88 88
254 252 253 252 253 252 252 253 251 253 252 253 253 253 255 255 255 255 255 255 255 255 254 254 253 251 242 221 193 160 129 114 113 112 107 104 103 107 107 104 101 99 96 94 94 95 96 96 93 93 96 99 98 96 94 95 96 94 93 94 93 94 92 93 93 94 95 94 94 94 93 93 93 92 92 92 92 92 92 92 92 92 92 92 92 92 92 92 92 91 92 91 91 91 91 90
254 252 252 252 253 252 253 253 253 253 253 254 253 253 255 255 255 255 255 255 255 255 255 255 254 253 247 238 219 187 153 127 116 115 114 113 112 108 105 101 99 96 96 97 95 94 94 94 95 92 95 98 97 96 95 96 97 94 94 94 94 94 94 93 92 93 93 93 93 93 92 92 92 91 91 91 91 91 91 91 91 91 91 91 91 91 91 91 92 92 92 91 91 91 91 90
254 252 252 252 252 252 253 253 253 253 253 254 253 253 255 255 255 255 255 255 255 255 254 255 254 253 252 250 243 217 183 149 130 125 126 125 123 115 107 102 101 98 100 102 98 94 93 95 99 94 95 95 95 96 96 96 97 95 95 94 94 94 94 94 93 93 93 93 93 93 92 92 92 91 91 91 91 91 91 91 91 91 91 91 91 91 91 91 91 91 91 90 91 90 91 89
254 252 252 251 252 252 253 253 253 253 253 254 253 253 255 255 255 255 255 255 255 255 254 255 254 254 253 251 247 233 206 176 156 138 136 133 132 126 117 111 109 105 105 104 103 99 98 100 101 99 99 98 97 96 96 97 97 95 95 95 95 93 94 94 93 94 93 93 93 93 93 92 92 91 91 91 91 91 91 91 91 91 91 91 91 91 91 91 91 91 91 90 90 90 90 89
254 252 252 251 251 251 252 253 253 253 253 254 253 253 255 255 255 255 254 254 255 255 255 255 255 253 252 251 248 239 224 200 182 154 146 137 136 135 129 124 120 116 111 107 107 109 110 108 104 104 103 101 99 97 96 96 95 95 95 94 93 94 94 93 94 94 94 93 93 93 93 93 93 92 92 92 92 92 92 92 92 92 92 92 92 92 92 92 92 91 91 90 90 90 90 89
254 252 252 251 250 250 251 252 252 253 253 254 253 253 255 255 255 255 254 254 255 255 255 255 254 253 252 249 247 245 234 216 199 168 155 141 139 140 136 130 128 124 117 112 112 116 118 114 108 109 107 104 101 100 98 96 95 95 96 95 94 94 94 95 94 94 94 94 93 92 93 93 93 92 92 92 92 92 92 92 92 92 92 92 92 92 92 92 92 91 91 90 89 90 90 89
254 252 252 250 249 249 250 251 251 253 253 254 253 253 255 255 255 255 255 255 255 255 255 255 254 250 250 250 249 246 237 220 204 179 164 149 143 139 133 129 131 126 122 118 117 119 120 117 115 111 108 105 101 100 99 98 98 96 96 96 96 96 94 94 94 94 95 94 93 93 93 93 93 92 92 92 92 92 92 92 92 92 92 92 92 92 92 92 92 91 92 91 90 91 91 90
254 253 252 250 249 249 249 250 250 253 253 254 254 254 254 255 255 255 255 255 255 255 255 255 255 250 252 251 249 244 235 218 202 184 171 156 147 137 128 124 129 125 124 122 121 121 120 119 118 111 107 103 100 100 101 99 99 96 96 96 96 95 93 94 94 94 94 94 93 93 93 92 93 92 92 92 92 92 92 92 92 92 92 93 92 93 92 92 92 91 92 91 90 91 91 90
253 254 253 252 251 250 248 246 246 251 250 249 248 250 252 253 253 253 253 253 253 253 253 253 253 254 252 247 241 234 224 207 193 177 157 149 151 147 138 127 116 115 115 115 115 114 112 109 108 108 106 103 102 102 102 100 98 97 97 97 97 97 96 96 95 95 95 95 95 94 94 94 93 94 94 93 93 93 93 92 93 93 93 92 93 92 93 93 93 93 93 92 92 92 92 92
252 253 252 253 252 251 249 246 247 247 246 246 247 247 250 252 253 254 253 253 253 253 253 253 254 250 249 246 240 232 222 204 188 169 153 143 143 134 124 117 110 108 107 107 109 111 109 109 109 106 104 103 101 102 101 100 100 97 97 97 96 96 96 96 95 95 95 95 95 95 94 94 94 94 94 93 93 93 93 94 93 93 92 92 92 92 92 92 93 93 93 92 92 92 92 92
252 252 252 253 253 252 250 249 248 246 245 244 244 245 248 250 253 252 252 253 254 254 254 254 254 249 249 246 241 234 222 204 187 166 153 143 138 125 115 111 108 105 103 101 102 106 106 106 105 103 104 103 102 100 99 100 101 97 97 98 96 96 96 96 96 96 96 96 95 95 96 95 94 95 95 95 94 94 94 94 94 93 93 93 94 94 93 93 94 93 92 92 92 92 92 91
251 252 251 252 252 252 250 250 249 247 246 244 244 244 246 248 249 251 251 252 254 254 254 254 253 252 251 249 243 236 225 207 191 172 161 156 147 132 122 118 115 110 107 102 103 104 105 105 103 104 107 105 103 99 99 99 101 97 97 97 97 97 96 96 96 97 97 96 96 96 96 96 95 94 95 94 94 94 93 92 93 93 93 93 94 94 93 93 94 92 93 92 92 92 92 92
251 250 250 250 250 250 249 249 249 250 249 247 247 245 246 246 246 250 251 252 254 254 253 253 253 254 252 249 243 236 226 209 195 177 171 169 163 149 137 130 125 116 112 107 107 108 109 109 107 107 108 107 105 101 99 99 100 97 97 97 96 96 96 96 96 96 96 96 95 95 95 95 95 96 94 95 95 95 95 94 94 94 93 93 93 93 93 93 93 92 93 92 92 91 91 92
251 249 248 248 247 247 246 247 247 250 250 248 249 247 247 245 245 249 250 252 254 254 253 252 253 253 251 247 241 234 224 209 196 178 175 174 173 164 154 142 132 118 115 112 111 111 113 113 112 108 108 107 104 102 100 99 98 98 98 98 98 98 97 97 97 97 97 97 97 97 96 96 96 96 96 95 95 95 95 95 94 94 93 93 93 93 93 93 93 93 93 93 92 91 93 91
250 248 247 245 244 243 242 244 245 247 248 249 251 249 249 246 243 249 251 252 253 253 254 253 253 252 251 248 243 237 226 210 196 178 172 175 177 174 165 151 134 120 119 114 113 110 111 110 111 106 105 103 102 101 101 100 97 98 98 97 98 97 97 97 97 97 97 97 97 97 97 96 96 95 96 95 94 94 94 95 95 95 95 95 95 95 95 95 94 94 93 92 92 92 92 92
252 248 246 243 241 240 240 241 243 244 246 248 251 250 251 247 245 248 250 252 253 253 253 253 252 253 253 251 247 241 231 214 199 177 171 173 180 178 172 157 137 124 123 117 112 108 106 105 105 103 101 99 100 100 101 99 98 98 98 97 97 96 97 96 96 98 97 97 95 97 96 96 95 95 95 95 95 94 94 94 95 95 95 95 95 95 95 95 95 94 93 92 92 93 93 92
252 252 250 246 243 242 241 241 240 237 239 242 245 250 251 250 249 250 249 248 249 250 252 252 253 250 253 253 250 248 241 217 191 167 161 164 173 174 169 158 146 132 126 116 107 101 100 102 104 97 97 98 99 100 102 99 98 99 99 99 98 99 99 99 98 98 96 97 96 97 96 97 97 98 98 97 97 96 96 95 94 92 92 92 93 92 92 92 93 94 94 94 92 92 93 93
252 252 250 247 244 242 243 242 242 236 237 238 240 244 249 251 249 249 247 246 249 249 251 254 254 251 253 251 251 248 242 218 194 156 145 143 152 160 161 153 140 133 126 119 110 106 104 105 105 98 96 96 97 99 100 99 98 98 98 98 98 98 98 98 98 97 97 96 96 96 96 96 96 97 97 96 96 95 95 94 95 94 93 93 93 93 94 93 93 94 93 93 92 92 92 92
252 252 251 249 247 246 246 245 244 235 235 233 234 238 244 248 250 248 245 244 248 250 253 253 253 253 253 252 249 247 241 217 195 152 134 121 124 137 149 147 138 134 128 121 114 112 109 108 106 99 97 96 96 97 99 99 99 98 98 98 98 98 98 98 98 97 97 97 96 96 96 96 96 97 97 96 96 95 95 94 95 94 94 94 93 93 93 93 94 93 94 94 94 94 93 93
251 252 252 251 251 250 250 248 247 241 238 233 231 232 237 242 246 247 246 245 248 249 253 254 254 252 252 250 247 245 235 212 192 163 142 116 105 115 133 141 141 136 130 123 117 114 112 109 108 103 100 98 97 97 98 99 99 98 98 98 98 98 98 98 98 97 97 97 96 96 96 96 96 97 97 97 96 95 95 96 96 95 95 95 94 94 94 94 95 94 93 93 93 93 93 92
251 252 252 252 252 252 253 251 250 247 243 237 232 230 232 236 240 248 244 245 245 250 252 253 253 253 252 246 244 236 224 203 185 171 155 129 108 106 116 128 136 136 130 122 117 114 112 110 107 107 105 102 100 98 98 99 101 99 98 98 98 98 98 98 98 97 97 97 97 97 96 96 96 97 97 97 96 96 95 95 95 95 94 94 94 94 94 94 94 94 94 93 93 93 93 93
249 250 250 251 252 252 253 251 250 251 248 243 238 233 231 233 234 243 242 241 244 249 251 253 253 252 249 244 238 226 206 188 173 166 162 145 124 111 106 111 122 130 126 120 115 113 110 108 105 108 106 105 102 100 98 98 100 98 97 98 98 98 98 98 98 97 97 97 97 97 96 96 96 97 97 97 96 96 95 95 95 95 95 95 95 95 94 95 94 94 94 95 94 94 94 94
247 246 246 247 248 250 250 249 249 251 251 249 245 240 236 234 233 236 235 236 239 243 248 251 252 252 248 243 233 215 193 173 161 157 161 153 137 117 102 102 113 119 118 117 115 113 109 105 102 105 105 105 103 100 99 98 101 99 100 100 100 100 100 100 100 98 98 98 98 98 97 97 97 98 98 98 97 97 96 95 95 94 95 95 95 95 95 95 94 95 95 94 94 94 93 93
247 243 243 243 245 247 247 247 247 249 250 251 249 244 240 236 234 229 231 231 235 241 247 250 252 251 248 242 228 208 183 164 154 152 157 155 141 121 103 101 114 110 112 114 116 114 108 104 101 101 102 103 103 100 99 99 100 99 100 100 100 100 100 100 100 98 98 98 98 98 98 97 97 98 98 98 97 97 96 96 95 94 95 95 94 95 94 94 95 94 94 95 94 94 93 93
246 247 246 242 237 235 236 242 247 244 245 247 249 249 247 244 241 230 229 228 233 240 244 245 243 249 249 243 230 207 181 159 146 149 144 141 141 133 117 111 111 110 113 114 115 111 108 103 101 100 100 100 99 99 98 99 98 99 99 99 99 99 99 99 98 98 98 98 98 98 97 97 97 97 97 97 97 97 97 97 97 95 96 97 95 96 95 95 95 95 95 95 95 95 95 95
244 249 246 240 232 228 230 238 245 245 245 248 248 248 247 245 245 238 235 233 234 238 241 243 242 245 244 240 231 212 186 161 146 142 138 138 140 135 121 113 111 112 113 114 113 112 108 104 101 100 101 101 100 100 100 100 100 100 100 100 100 100 100 100 99 98 98 98 98 98 97 97 97 97 97 97 97 97 97 97 97 96 96 96 96 95 95 95 95 95 95 95 95 95 95 95
243 251 246 238 227 219 222 230 239 244 246 247 247 246 246 247 249 246 242 238 234 235 239 244 246 240 238 234 228 216 194 167 150 137 131 130 134 136 126 118 111 114 113 113 112 113 110 105 101 102 101 101 101 101 100 100 99 99 99 99 99 99 99 99 100 98 98 98 98 98 97 97 97 97 98 98 97 97 97 97 97 96 96 96 96 95 95 95 95 95 95 95 95 95 95 95
244 251 248 241 228 218 216 223 231 241 244 246 245 244 244 247 251 248 245 240 236 234 239 247 252 242 234 226 221 211 197 175 161 141 131 122 123 129 128 121 115 115 114 111 112 113 111 107 102 105 103 103 103 101 101 100 100 100 100 100 100 100 100 100 100 99 98 98 98 98 97 97 97 97 98 98 97 97 97 97 97 96 96 95 96 96 95 96 95 95 95 95 95 95 95 95
244 246 247 244 235 223 217 217 221 234 237 241 242 242 242 245 248 249 247 242 239 237 240 248 253 246 237 222 211 203 193 180 173 154 139 119 112 119 126 124 119 115 113 112 111 113 111 108 103 106 105 104 103 102 100 99 99 100 100 100 100 100 100 100 101 99 99 99 98 98 99 99 98 98 98 98 98 98 98 98 98 96 96 96 96 96 96 95 95 95 95 95 95 95 95 95
236 236 241 245 241 231 220 213 211 221 226 233 239 241 242 244 245 249 247 244 241 239 240 247 250 249 241 226 209 193 183 179 179 167 150 126 109 111 119 124 120 113 113 110 111 112 110 108 104 106 105 104 103 102 100 99 99 100 100 100 100 100 100 100 100 99 99 99 98 98 99 99 98 98 98 98 98 98 98 98 98 97 97 96 96 96 95 95 95 95 95 95 95 95 95 95
223 221 231 241 244 237 224 212 204 205 214 225 235 242 244 243 242 244 243 242 242 242 243 247 250 248 247 235 213 188 173 170 176 173 163 140 115 106 112 116 116 111 112 109 110 111 109 108 107 104 103 102 102 102 101 101 101 100 100 100 100 100 100 100 100 99 99 99 98 98 98 98 98 98 98 98 98 98 98 98 98 97 97 96 96 96 96 95 95 95 95 95 96 96 95 95
212 211 222 236 243 238 225 210 201 195 204 218 233 245 246 245 241 237 237 239 241 243 247 250 251 249 249 242 219 187 167 163 170 175 170 152 125 106 107 111 114 110 110 111 110 110 109 107 107 100 100 101 101 102 102 102 103 100 100 100 100 100 100 100 100 99 99 99 98 98 98 98 97 97 97 97 97 97 97 97 97 97 97 96 96 96 96 96 95 95 95 95 96 95 95 95
218 211 211 219 235 244 238 224 213 204 192 191 210 235 247 243 237 231 232 237 247 251 249 249 251 251 250 247 234 208 180 163 159 174 174 160 138 113 99 103 118 112 112 110 109 107 105 103 102 105 103 102 102 104 104 102 101 101 101 101 101 101 101 101 101 101 100 101 101 101 101 101 101 99 99 99 99 99 99 99 99 98 97 97 97 96 96 96 95 96 96 95 95 96 96 95
216 212 209 213 227 241 241 232 220 205 196 195 209 227 237 240 238 233 231 235 242 247 247 249 253 250 250 247 238 215 185 164 156 166 170 163 147 126 105 100 111 108 108 108 107 107 106 105 105 101 100 100 101 102 104 103 102 101 101 101 101 101 101 101 102 101 101 101 100 100 100 100 100 99 99 99 99 99 99 99 99 98 98 97 97 97 97 96 97 97 97 97 96 96 95 95
211 218 212 208 213 227 237 235 229 210 204 202 207 215 224 232 237 236 233 234 238 242 244 248 253 249 249 249 242 222 192 168 154 157 165 167 158 138 114 101 103 105 105 105 105 106 107 108 108 103 102 102 102 103 104 103 102 101 101 101 101 101 101 101 102 101 100 100 100 100 100 100 101 101 101 101 101 101 101 101 101 99 98 98 98 97 97 97 97 97 97 97 97 97 96 96
205 225 219 209 204 211 222 227 227 214 212 210 208 207 213 224 234 238 236 235 235 238 241 246 251 250 249 248 242 226 199 172 155 152 160 166 163 146 121 103 99 103 103 103 104 104 107 109 110 109 108 106 105 104 103 102 102 101 101 101 101 101 101 101 102 100 100 100 100 100 100 100 101 101 101 101 101 101 100 100 101 99 99 99 98 98 98 98 99 97 98 98 97 97 97 97
