puppyGrayscale.asc
ncols	899
nrows	726
xllcorner     271845
yllcorner     3875415
cellsize      30
NODATA_value  -9999
[rows 336 to 377 of 726, columns 192 to 287 of 899]
149 140 152 178 194 175 146 152 179 197 196 195 191 184 182 192 209 208 207 209 213 211 208 218 232 238 217 201 220 243 236 223 214 216 220 218 214 221 239 247 242 232 236 238 226 200 186 201 224 233 227 200 167 165 170 165 168 180 200 200 177 166 170 159 136 138 116 93 79 74 79 83 80 86 87 88 87 89 93 98 103 104 104 102 101 100 106 111 115 120 126 135 138 139 137 137
153 147 158 175 181 166 150 164 189 200 196 190 183 180 183 194 207 202 199 200 205 206 205 212 225 234 214 198 220 244 238 222 212 218 222 219 217 223 238 244 240 227 231 236 229 208 191 199 218 222 224 206 177 177 179 173 177 193 207 198 170 158 169 165 148 130 108 90 81 76 79 83 77 80 82 84 87 90 93 96 98 99 99 96 94 94 98 106 111 117 121 127 126 126 129 137
161 157 166 169 162 153 159 183 203 195 192 188 181 180 188 193 198 198 194 193 200 206 209 216 222 230 209 196 217 243 236 222 209 215 220 221 223 229 239 241 235 227 229 234 233 215 196 197 210 212 218 207 185 183 181 171 175 199 207 191 158 148 163 166 151 119 99 85 83 80 83 82 79 84 85 88 92 94 95 94 93 96 97 96 96 97 98 102 105 113 115 118 116 116 124 139
169 164 172 165 147 146 171 199 212 180 186 190 190 188 190 191 191 197 193 193 203 214 221 227 230 228 205 192 216 240 236 221 207 212 219 225 227 232 238 238 233 233 233 235 234 214 195 197 212 211 211 199 180 178 174 160 165 192 199 183 150 140 156 160 145 110 91 81 84 84 84 84 82 94 93 93 96 98 97 96 94 97 100 104 106 107 103 102 103 111 113 116 117 122 132 145
176 167 171 160 142 149 181 207 211 170 182 193 198 193 189 189 190 191 190 193 205 218 227 233 236 220 198 186 214 240 239 227 211 218 221 224 224 227 230 234 235 237 234 232 230 210 194 203 224 216 208 189 175 176 170 157 166 190 198 181 148 137 154 158 144 105 88 81 86 88 87 87 86 93 91 90 91 95 99 102 101 102 104 107 109 109 107 108 109 112 115 120 128 137 145 149
175 166 166 156 146 160 188 205 202 170 180 194 201 194 187 186 193 184 186 191 203 214 223 229 233 213 190 183 213 240 243 234 220 229 226 222 217 216 218 229 239 235 230 228 227 211 197 208 232 220 206 187 178 180 169 160 175 196 205 188 152 139 155 161 149 102 90 87 90 88 87 89 87 82 81 81 83 88 94 100 104 102 102 101 101 103 105 112 114 116 120 126 135 143 148 146
168 165 160 152 154 171 192 199 193 175 180 190 201 197 184 181 189 183 190 198 203 208 215 222 229 212 190 184 214 240 242 236 223 226 225 224 219 214 215 225 238 232 224 226 230 217 201 206 225 220 205 191 185 182 163 153 176 197 208 194 158 142 152 157 144 99 92 89 92 86 86 87 84 76 77 78 79 81 84 87 89 91 91 92 94 99 104 112 117 121 124 129 133 133 135 135
161 164 156 151 159 179 193 194 187 177 176 189 204 202 186 177 181 189 197 205 208 208 212 220 227 218 195 188 215 237 239 233 221 214 219 225 225 219 216 224 233 233 223 224 232 223 205 200 211 219 205 196 190 179 150 139 166 192 207 197 161 142 148 148 133 96 94 93 93 87 85 86 81 80 81 81 81 78 75 73 73 79 81 88 94 102 105 110 114 122 126 129 126 121 122 125
161 158 162 157 155 175 201 204 186 173 171 188 213 203 173 164 179 191 201 206 202 204 217 226 227 208 198 195 210 234 243 228 210 201 224 239 231 221 221 228 232 229 219 221 225 216 193 188 197 211 199 195 201 180 146 150 175 199 198 186 162 149 145 139 130 90 89 88 92 92 88 87 89 90 88 87 89 93 95 93 89 93 94 93 89 87 93 104 112 122 126 128 125 123 118 118
164 166 172 164 154 169 197 202 185 170 169 189 210 201 171 164 177 196 199 197 196 205 221 229 228 204 196 198 216 236 237 219 205 207 228 238 228 216 219 226 230 232 220 215 218 213 198 198 207 212 199 195 200 178 144 153 183 195 192 181 165 154 146 134 121 94 92 92 94 94 94 94 97 89 90 90 91 93 95 94 91 94 95 96 94 96 103 110 116 112 112 109 108 110 114 119
169 179 182 169 149 158 187 197 186 170 174 191 207 196 171 168 183 198 195 189 190 207 228 233 225 202 196 205 226 238 229 212 201 219 234 237 223 213 217 227 236 234 220 208 208 207 203 204 212 210 199 196 201 177 143 155 188 189 182 173 166 160 147 127 111 93 90 90 92 93 94 95 100 89 91 89 89 89 91 93 95 96 96 98 99 104 109 113 115 107 103 99 103 112 122 128
171 187 185 169 148 151 175 189 187 173 179 194 203 191 172 174 189 192 193 192 195 213 231 232 220 204 203 213 226 232 222 207 198 223 234 235 220 213 222 237 245 230 218 205 203 205 206 205 205 202 198 200 206 179 144 154 187 187 175 166 166 162 144 119 102 87 85 87 90 90 90 90 92 88 88 86 84 82 84 91 98 96 96 98 101 107 109 109 107 110 108 111 116 125 133 136
170 185 180 168 156 155 166 178 182 171 182 197 200 187 173 176 188 185 195 203 210 220 231 228 216 209 211 217 222 225 219 208 200 212 225 230 222 219 229 240 244 220 216 208 205 208 211 207 199 192 197 205 209 181 145 151 179 184 171 163 163 159 139 114 98 86 87 90 94 93 91 87 86 87 89 88 83 82 85 92 98 95 95 99 102 107 109 107 104 113 116 121 122 122 124 126
169 178 174 167 162 159 162 170 177 170 185 199 198 184 172 173 180 183 204 218 222 224 226 222 213 211 212 216 221 223 219 210 199 200 217 227 224 223 229 231 228 210 216 214 208 210 214 207 195 187 199 209 207 176 143 150 170 176 167 160 157 149 130 110 98 92 93 96 100 99 95 89 90 89 91 91 90 91 93 95 98 96 98 102 103 107 108 108 107 111 115 117 116 112 108 113
171 181 175 165 157 153 158 170 181 180 194 205 196 181 173 173 176 191 214 228 228 224 221 219 213 205 204 210 222 228 223 209 198 205 219 228 221 220 223 221 215 207 218 218 206 202 205 200 187 190 205 210 198 166 140 149 166 164 163 160 152 139 122 107 99 95 94 96 98 97 95 92 93 93 91 90 91 94 96 99 100 102 104 106 104 103 102 103 105 106 111 115 117 116 118 123
174 190 180 162 146 141 155 175 189 193 206 209 194 178 173 178 181 199 220 232 228 220 219 219 215 198 197 205 225 236 225 208 196 219 228 230 219 213 216 216 213 209 221 220 201 190 194 190 178 194 210 209 190 156 137 151 164 154 157 157 148 131 117 105 101 93 91 90 90 90 89 90 93 97 92 86 84 89 97 101 101 108 109 110 104 96 94 94 97 102 107 118 128 135 142 145
175 185 169 149 140 146 161 174 180 196 209 208 190 179 187 195 193 212 229 237 224 214 215 213 205 194 198 205 220 236 225 200 184 226 246 232 208 214 227 228 228 217 216 205 191 187 191 181 164 192 220 224 188 146 135 143 149 154 166 166 143 120 105 101 99 94 91 86 84 84 86 87 88 89 88 89 93 100 104 106 107 106 104 102 100 99 102 112 120 128 134 144 148 147 147 149
173 178 162 146 141 152 170 184 188 193 203 202 189 183 191 200 203 221 229 231 221 212 211 212 209 204 204 210 223 232 218 196 188 224 241 234 213 217 226 223 219 212 213 206 197 196 197 187 175 193 208 206 176 150 146 149 145 154 169 168 144 115 100 97 98 94 89 86 84 85 87 88 87 91 93 95 97 99 100 100 100 97 98 100 107 112 116 123 128 130 134 140 145 149 149 149
171 169 156 143 143 158 179 193 197 193 196 193 189 188 196 207 215 225 222 220 217 212 210 213 217 215 210 214 225 226 208 192 196 223 237 233 219 220 224 220 213 210 213 212 207 204 199 189 181 192 195 185 165 154 158 155 143 152 167 168 143 113 97 97 102 97 91 87 86 87 91 90 88 89 94 98 99 97 96 96 98 103 102 103 112 119 121 124 127 124 128 132 140 146 148 144
175 161 149 139 143 162 184 197 200 202 197 191 190 192 200 211 221 216 207 209 217 215 212 216 222 218 209 213 226 225 203 197 210 226 234 231 221 218 221 217 210 213 216 217 213 205 193 181 175 192 191 181 165 157 160 158 148 150 162 162 141 114 100 102 107 103 97 91 91 94 96 94 90 85 92 98 99 98 97 100 104 118 110 104 109 114 114 116 118 122 125 129 132 133 130 124
179 151 142 137 146 167 188 199 203 211 203 193 188 191 201 211 217 204 195 203 217 217 212 214 220 212 201 209 228 227 206 205 222 231 232 228 217 212 217 217 209 211 213 216 211 200 185 174 171 188 194 190 173 158 155 156 154 153 159 157 139 118 105 104 107 110 104 97 98 99 100 97 94 87 93 98 99 98 99 104 108 116 107 101 106 109 107 107 112 124 126 124 118 111 107 106
175 141 138 139 154 175 193 201 201 212 207 194 182 185 200 210 210 197 193 204 215 210 208 211 212 202 193 205 230 232 215 212 226 231 229 226 216 209 215 218 207 200 203 207 202 193 181 175 175 183 192 195 179 161 152 153 154 156 159 154 138 118 105 102 104 112 106 102 101 102 102 99 95 94 97 99 99 98 98 101 104 99 93 95 107 111 108 108 112 117 118 113 106 101 105 114
164 137 140 148 165 185 198 199 196 202 204 192 173 177 199 210 203 197 197 207 210 201 204 213 211 196 188 203 232 236 221 214 220 226 225 227 219 210 217 217 200 191 195 197 194 187 182 181 184 176 183 184 176 164 156 150 146 152 155 153 137 116 102 100 105 108 104 101 101 101 100 99 96 98 99 99 99 99 98 97 96 93 91 97 111 113 107 107 112 110 111 110 109 113 121 132
154 140 146 158 175 192 200 196 190 191 199 188 166 170 199 208 199 198 200 208 205 194 203 217 216 193 185 203 235 241 226 213 212 220 221 229 223 215 219 216 194 187 191 193 188 184 182 185 188 171 171 171 170 168 161 148 139 144 151 151 137 114 99 101 111 102 100 99 98 98 98 98 96 99 98 97 99 100 98 95 91 101 99 104 113 111 102 103 112 113 115 119 123 129 133 136
157 155 160 170 182 185 180 178 179 197 191 175 163 178 206 214 205 195 194 198 203 209 223 222 205 181 191 214 234 230 210 202 211 230 232 220 222 229 220 204 192 182 192 193 172 164 182 201 202 169 157 161 172 168 154 146 141 138 145 145 131 114 105 105 104 105 106 105 103 102 100 99 98 92 94 96 99 98 95 92 92 98 100 101 99 97 101 108 115 128 130 132 133 130 127 125
160 159 164 171 177 176 171 172 176 194 190 177 170 184 209 216 205 195 197 203 207 214 227 224 203 184 199 224 238 225 200 196 209 229 229 215 215 221 213 200 190 177 189 191 173 161 178 195 192 173 157 154 163 162 154 147 141 138 146 147 133 115 104 101 101 106 105 103 103 102 102 103 102 96 96 95 95 95 96 99 101 101 104 105 107 108 111 117 122 124 126 129 128 124 122 120
164 164 170 174 172 165 163 170 179 194 187 178 178 195 216 217 204 197 206 212 213 218 229 221 199 189 209 234 240 217 189 192 211 230 224 207 203 207 204 200 194 177 189 191 170 155 170 187 186 176 157 148 153 155 154 150 142 138 145 146 134 117 105 101 101 105 105 106 106 104 103 101 101 99 98 97 96 96 98 103 106 108 110 113 114 115 116 119 122 120 123 126 127 123 123 123
166 167 173 175 167 161 162 176 190 197 184 176 184 207 222 213 198 200 214 221 217 216 224 216 195 197 215 235 235 210 186 195 218 235 221 199 194 198 198 202 199 180 192 193 171 153 166 183 186 174 158 148 148 149 153 152 144 137 141 141 130 116 106 104 107 109 108 108 106 104 100 97 95 99 101 102 103 101 102 104 106 115 116 116 116 115 114 115 114 118 122 125 127 124 126 129
166 164 168 169 163 158 166 184 200 203 183 173 188 216 224 208 190 202 217 222 214 211 216 211 199 203 216 229 225 204 191 203 228 242 223 198 195 198 198 200 193 174 189 199 185 164 166 178 181 169 160 153 148 145 151 154 147 136 136 133 124 115 107 110 115 111 109 105 102 100 98 98 98 99 102 104 106 106 106 110 113 120 118 116 114 113 113 112 111 112 117 120 121 118 119 122
164 159 161 161 157 158 169 188 200 206 182 171 192 219 221 205 189 205 215 214 207 207 211 209 205 209 215 222 219 201 193 212 237 245 220 198 199 200 197 191 178 161 181 202 201 178 168 170 171 167 162 154 145 143 151 156 149 134 131 128 123 117 112 113 117 112 108 102 97 97 99 103 107 101 103 105 107 107 111 119 124 119 116 114 113 115 117 117 117 109 112 114 113 109 108 110
161 161 161 158 156 161 174 187 195 205 182 175 197 218 215 203 195 212 212 202 200 209 214 209 206 214 218 221 214 199 194 214 241 239 209 187 194 201 196 187 167 156 173 198 200 177 162 166 171 170 162 150 137 137 151 159 149 132 128 125 126 122 115 110 110 111 107 101 97 96 100 105 109 102 105 110 112 111 113 118 123 117 113 112 114 118 121 121 120 114 115 117 117 114 114 114
162 167 166 161 159 167 178 188 190 202 184 180 201 217 209 202 203 221 211 195 196 212 216 209 204 215 221 224 213 197 193 214 241 232 200 177 186 197 197 188 168 159 170 189 189 166 153 165 180 176 163 144 130 132 153 161 150 131 128 127 130 127 116 107 102 111 109 105 101 100 101 103 104 103 109 116 119 117 114 114 115 115 111 111 114 119 121 119 117 122 124 127 127 128 128 129
168 170 170 163 160 168 184 192 193 198 186 186 204 212 204 206 219 224 210 200 206 214 218 213 210 216 224 231 219 197 197 217 231 229 196 176 182 188 185 183 176 159 161 171 176 163 151 164 189 172 157 134 122 133 155 160 148 135 127 122 124 122 117 116 118 109 109 108 107 106 107 108 107 110 112 114 111 110 110 111 112 108 110 111 113 116 119 123 127 134 135 136 137 140 140 144
171 173 167 160 161 171 186 193 193 194 184 189 206 213 204 207 218 223 215 210 210 211 211 212 215 220 225 228 218 202 204 222 233 219 191 178 187 192 187 180 172 157 163 176 184 173 158 166 186 169 153 130 121 137 159 160 146 133 126 124 127 126 119 115 117 108 111 114 113 112 111 107 105 106 110 112 111 109 107 108 109 110 112 114 115 116 117 118 120 126 127 128 130 136 140 145
175 173 164 157 165 179 187 189 188 188 184 193 209 214 208 208 218 216 216 217 211 205 202 209 219 223 222 220 213 205 211 224 228 205 185 181 194 198 189 179 171 160 166 181 192 183 167 168 181 165 147 124 120 141 164 161 144 129 125 125 129 128 119 113 115 111 114 118 121 117 112 108 105 103 109 114 115 112 109 108 107 110 112 115 117 117 116 115 116 118 120 122 125 127 130 133
177 169 160 159 174 188 189 182 176 185 186 198 212 215 211 210 216 207 212 215 209 201 198 208 219 221 215 210 207 205 213 219 215 195 179 180 196 199 188 178 172 161 167 180 192 186 172 170 180 163 142 119 118 144 166 162 143 129 125 128 132 129 121 114 115 117 120 120 121 115 111 108 107 106 112 116 119 115 112 110 109 111 113 116 118 117 116 116 116 119 123 125 126 123 119 116
175 165 160 165 182 193 189 175 165 185 190 202 211 213 211 210 214 203 208 212 207 204 204 211 218 218 209 204 204 207 214 213 203 186 171 173 188 191 182 174 170 159 163 174 184 182 173 175 184 163 140 118 118 144 165 161 142 131 128 128 131 128 119 116 119 124 122 119 113 109 108 109 111 114 114 113 112 111 112 114 114 116 116 117 116 114 114 115 116 122 125 125 125 121 117 116
172 161 163 171 183 190 184 171 162 187 193 203 205 206 208 207 208 205 209 211 211 212 213 217 215 216 207 202 205 209 216 213 199 182 164 163 178 182 175 169 165 157 159 166 174 174 169 175 187 163 143 122 122 143 160 155 140 134 129 129 132 128 119 117 122 127 120 113 108 105 107 110 112 117 113 106 104 106 111 116 117 119 118 116 113 111 111 112 114 114 116 114 114 113 116 122
168 163 167 173 176 177 177 173 167 189 195 200 199 199 203 203 202 206 211 213 214 215 217 214 209 213 204 201 202 209 216 214 201 181 161 159 174 181 175 167 161 160 162 166 170 167 162 167 177 162 145 128 127 143 155 149 137 136 131 131 132 128 121 119 124 120 115 109 107 107 111 113 112 114 110 106 106 111 115 116 114 114 114 112 110 109 110 112 115 112 115 114 114 112 116 124
167 164 170 173 169 167 171 176 176 190 196 198 194 194 199 201 198 207 211 216 215 215 214 208 201 207 199 198 200 205 214 215 202 185 163 160 178 186 179 169 161 167 168 169 170 163 155 157 164 161 147 132 132 143 152 145 134 136 132 132 133 129 121 119 124 113 110 108 108 113 116 115 111 111 109 110 115 121 122 115 109 105 106 107 107 108 111 115 118 121 125 127 126 124 121 124
168 165 166 172 176 180 178 169 161 186 190 202 211 206 196 195 204 207 209 207 205 207 212 210 203 208 210 195 177 189 220 220 198 172 169 171 177 184 183 171 161 163 169 171 167 157 149 156 167 155 140 133 139 145 142 136 133 138 135 133 130 127 122 117 113 110 111 113 117 122 126 128 128 117 116 117 119 121 122 117 113 102 106 112 118 122 124 127 127 131 132 134 136 136 133 129
176 168 166 170 177 180 174 169 166 197 197 203 206 201 192 194 203 206 207 205 203 206 211 211 210 208 206 191 175 188 209 207 187 170 168 170 176 180 175 164 156 168 173 172 162 151 149 157 167 153 143 138 142 147 144 138 135 135 134 132 130 128 125 122 120 119 120 123 126 127 125 119 117 116 115 116 118 118 116 111 107 98 103 113 124 132 134 128 123 122 124 128 128 128 127 127
